========================================================================================================================
SUMMARY: Average Kendall Tau Distance (1-τ)/2 (with 95% CI)
Note: Lower values indicate better performance
========================================================================================================================
Trained|Tested |         exp1 |         exp2 |         exp3 |         exp4 |         exp5 |         exp6 |         exp7 |         exp8 |         exp9 |     Row Mean |
----------------------------------------------------------------------------------------------------------------------------------------------------------------------
        exp1(U)|        0.057 |        0.195 |        0.041 |        0.201 |        0.248 |        0.071 |        0.198 |        0.305 |        0.118 |        0.159 |
        exp2(U)|        0.072 |        0.088 |        0.066 |        0.080 |        0.305 |        0.100 |        0.122 |        0.379 |        0.206 |        0.158 |
        exp3(U)|        0.073 |        0.186 |        0.029 |        0.179 |        0.230 |        0.102 |        0.200 |        0.295 |        0.175 |        0.163 |
        exp4(U)|        0.079 |        0.090 |        0.041 |        0.067 |        0.253 |        0.099 |        0.115 |        0.339 |        0.190 |        0.141 |
        exp5(U)|        0.122 |        0.219 |        0.149 |        0.248 |        0.060 |        0.114 |        0.224 |        0.107 |        0.168 |        0.157 |
        exp6(U)|        0.070 |        0.188 |        0.107 |        0.212 |        0.318 |        0.072 |        0.201 |        0.355 |        0.132 |        0.184 |
        exp7(U)|        0.076 |        0.098 |        0.063 |        0.100 |        0.282 |        0.084 |        0.102 |        0.375 |        0.182 |        0.151 |
        exp8(U)|        0.090 |        0.189 |        0.060 |        0.192 |        0.056 |        0.109 |        0.206 |        0.094 |        0.140 |        0.126 |
        exp9(U)|        0.065 |        0.185 |        0.038 |        0.190 |        0.328 |        0.078 |        0.197 |        0.377 |        0.116 |        0.175 |
----------------------------------------------------------------------------------------------------------------------------------------------------------------------
      Col Mean |        0.078 |        0.160 |        0.066 |        0.163 |        0.231 |        0.092 |        0.174 |        0.292 |        0.159 |        0.157 |

========================================================================================================================
Kendall Tau Distance (1-τ)/2 - 95% Confidence Intervals
========================================================================================================================
Trained|Tested |           exp1           |           exp2           |           exp3           |           exp4           |           exp5           |           exp6           |           exp7           |           exp8           |           exp9           |
-------------------------------------------------------------------------------------------------------------------------------------------------------------------------------------------------------------------------------------------------------------------
        exp1(U)|   0.057 [0.049, 0.065]   |   0.195 [0.175, 0.216]   |   0.041 [0.033, 0.048]   |   0.201 [0.182, 0.220]   |   0.248 [0.225, 0.270]   |   0.071 [0.060, 0.081]   |   0.198 [0.182, 0.215]   |   0.305 [0.279, 0.332]   |   0.118 [0.100, 0.135]   |
        exp2(U)|   0.072 [0.063, 0.082]   |   0.088 [0.078, 0.098]   |   0.066 [0.057, 0.074]   |   0.080 [0.072, 0.088]   |   0.305 [0.286, 0.325]   |   0.100 [0.089, 0.111]   |   0.122 [0.110, 0.133]   |   0.379 [0.348, 0.409]   |   0.206 [0.181, 0.231]   |
        exp3(U)|   0.073 [0.064, 0.083]   |   0.186 [0.166, 0.206]   |   0.029 [0.024, 0.035]   |   0.179 [0.160, 0.198]   |   0.230 [0.211, 0.248]   |   0.102 [0.089, 0.114]   |   0.200 [0.184, 0.217]   |   0.295 [0.272, 0.318]   |   0.175 [0.151, 0.199]   |
        exp4(U)|   0.079 [0.068, 0.091]   |   0.090 [0.078, 0.102]   |   0.041 [0.032, 0.049]   |   0.067 [0.058, 0.075]   |   0.253 [0.233, 0.272]   |   0.099 [0.087, 0.111]   |   0.115 [0.104, 0.127]   |   0.339 [0.310, 0.369]   |   0.190 [0.165, 0.215]   |
        exp5(U)|   0.122 [0.111, 0.132]   |   0.219 [0.197, 0.241]   |   0.149 [0.134, 0.164]   |   0.248 [0.227, 0.268]   |   0.060 [0.052, 0.068]   |   0.114 [0.101, 0.127]   |   0.224 [0.205, 0.244]   |   0.107 [0.090, 0.123]   |   0.168 [0.150, 0.185]   |
        exp6(U)|   0.070 [0.060, 0.080]   |   0.188 [0.165, 0.211]   |   0.107 [0.097, 0.117]   |   0.212 [0.190, 0.235]   |   0.318 [0.287, 0.348]   |   0.072 [0.062, 0.081]   |   0.201 [0.181, 0.221]   |   0.355 [0.328, 0.382]   |   0.132 [0.113, 0.151]   |
        exp7(U)|   0.076 [0.066, 0.086]   |   0.098 [0.087, 0.109]   |   0.063 [0.056, 0.071]   |   0.100 [0.090, 0.110]   |   0.282 [0.259, 0.305]   |   0.084 [0.072, 0.097]   |   0.102 [0.091, 0.112]   |   0.375 [0.343, 0.408]   |   0.182 [0.161, 0.203]   |
        exp8(U)|   0.090 [0.080, 0.100]   |   0.189 [0.166, 0.212]   |   0.060 [0.053, 0.067]   |   0.192 [0.175, 0.208]   |   0.056 [0.050, 0.063]   |   0.109 [0.097, 0.120]   |   0.206 [0.190, 0.222]   |   0.094 [0.082, 0.107]   |   0.140 [0.120, 0.161]   |
        exp9(U)|   0.065 [0.055, 0.075]   |   0.185 [0.166, 0.204]   |   0.038 [0.031, 0.044]   |   0.190 [0.169, 0.210]   |   0.328 [0.303, 0.353]   |   0.078 [0.069, 0.088]   |   0.197 [0.179, 0.216]   |   0.377 [0.350, 0.405]   |   0.116 [0.101, 0.132]   |

========================================================================================================================
SUMMARY: Average Sequence MAE (with 95% CI)
Note: MAE between predicted event times and ground truth event times (in original time units)
========================================================================================================================
Trained|Tested |         exp1 |         exp2 |         exp3 |         exp4 |         exp5 |         exp6 |         exp7 |         exp8 |         exp9 |     Row Mean |
----------------------------------------------------------------------------------------------------------------------------------------------------------------------
        exp1(U)|        0.761 |        1.778 |        0.591 |        1.739 |        2.165 |        1.029 |        1.836 |        2.017 |        0.988 |        1.434 |
        exp2(U)|        1.011 |        1.071 |        0.857 |        0.936 |        2.721 |        1.329 |        1.334 |        2.590 |        1.463 |        1.479 |
        exp3(U)|        0.992 |        1.756 |        0.513 |        1.648 |        2.143 |        1.299 |        1.829 |        2.009 |        1.328 |        1.502 |
        exp4(U)|        1.098 |        1.123 |        0.627 |        0.844 |        2.556 |        1.374 |        1.330 |        2.435 |        1.505 |        1.432 |
        exp5(U)|        1.555 |        2.219 |        1.617 |        2.455 |        0.743 |        1.215 |        2.140 |        0.832 |        1.168 |        1.549 |
        exp6(U)|        1.059 |        1.857 |        1.296 |        2.058 |        2.722 |        1.041 |        1.856 |        2.383 |        1.104 |        1.708 |
        exp7(U)|        1.121 |        1.230 |        0.866 |        1.150 |        2.627 |        1.136 |        1.232 |        2.476 |        1.436 |        1.475 |
        exp8(U)|        1.401 |        2.033 |        1.418 |        2.254 |        0.823 |        1.174 |        2.020 |        0.781 |        0.979 |        1.431 |
        exp9(U)|        1.275 |        1.922 |        1.474 |        2.074 |        3.113 |        0.980 |        1.853 |        2.683 |        0.882 |        1.806 |
----------------------------------------------------------------------------------------------------------------------------------------------------------------------
      Col Mean |        1.141 |        1.665 |        1.029 |        1.684 |        2.179 |        1.175 |        1.715 |        2.023 |        1.206 |        1.535 |

========================================================================================================================
Sequence MAE 95% Confidence Intervals
========================================================================================================================
Trained|Tested |           exp1           |           exp2           |           exp3           |           exp4           |           exp5           |           exp6           |           exp7           |           exp8           |           exp9           |
-------------------------------------------------------------------------------------------------------------------------------------------------------------------------------------------------------------------------------------------------------------------
        exp1(U)|   0.761 [0.699, 0.823]   |   1.778 [1.629, 1.927]   |   0.591 [0.538, 0.644]   |   1.739 [1.596, 1.881]   |   2.165 [2.003, 2.327]   |   1.029 [0.952, 1.106]   |   1.836 [1.716, 1.956]   |   2.017 [1.859, 2.176]   |   0.988 [0.871, 1.105]   |
        exp2(U)|   1.011 [0.939, 1.083]   |   1.071 [1.004, 1.138]   |   0.857 [0.789, 0.926]   |   0.936 [0.860, 1.012]   |   2.721 [2.568, 2.875]   |   1.329 [1.240, 1.417]   |   1.334 [1.255, 1.414]   |   2.590 [2.393, 2.788]   |   1.463 [1.338, 1.588]   |
        exp3(U)|   0.992 [0.917, 1.067]   |   1.756 [1.600, 1.911]   |   0.513 [0.470, 0.556]   |   1.648 [1.505, 1.791]   |   2.143 [1.999, 2.287]   |   1.299 [1.203, 1.395]   |   1.829 [1.700, 1.958]   |   2.009 [1.867, 2.151]   |   1.328 [1.202, 1.455]   |
        exp4(U)|   1.098 [1.010, 1.185]   |   1.123 [1.039, 1.206]   |   0.627 [0.584, 0.670]   |   0.844 [0.784, 0.903]   |   2.556 [2.396, 2.716]   |   1.374 [1.289, 1.460]   |   1.330 [1.236, 1.424]   |   2.435 [2.243, 2.627]   |   1.505 [1.367, 1.643]   |
        exp5(U)|   1.555 [1.466, 1.644]   |   2.219 [2.063, 2.376]   |   1.617 [1.517, 1.717]   |   2.455 [2.289, 2.621]   |   0.743 [0.689, 0.797]   |   1.215 [1.123, 1.307]   |   2.140 [2.008, 2.273]   |   0.832 [0.741, 0.923]   |   1.168 [1.062, 1.275]   |
        exp6(U)|   1.059 [0.989, 1.129]   |   1.857 [1.706, 2.007]   |   1.296 [1.206, 1.387]   |   2.058 [1.895, 2.222]   |   2.722 [2.520, 2.923]   |   1.041 [0.981, 1.101]   |   1.856 [1.719, 1.993]   |   2.383 [2.206, 2.561]   |   1.104 [0.996, 1.212]   |
        exp7(U)|   1.121 [1.042, 1.199]   |   1.230 [1.153, 1.308]   |   0.866 [0.805, 0.928]   |   1.150 [1.079, 1.222]   |   2.627 [2.437, 2.817]   |   1.136 [1.066, 1.206]   |   1.232 [1.156, 1.309]   |   2.476 [2.259, 2.693]   |   1.436 [1.298, 1.575]   |
        exp8(U)|   1.401 [1.307, 1.495]   |   2.033 [1.880, 2.186]   |   1.418 [1.292, 1.545]   |   2.254 [2.134, 2.373]   |   0.823 [0.778, 0.867]   |   1.174 [1.098, 1.250]   |   2.020 [1.907, 2.132]   |   0.781 [0.690, 0.873]   |   0.979 [0.880, 1.078]   |
        exp9(U)|   1.275 [1.193, 1.357]   |   1.922 [1.786, 2.057]   |   1.474 [1.364, 1.585]   |   2.074 [1.940, 2.208]   |   3.113 [2.891, 3.335]   |   0.980 [0.907, 1.052]   |   1.853 [1.718, 1.989]   |   2.683 [2.451, 2.915]   |   0.882 [0.787, 0.977]   |

========================================================================================================================
SUMMARY: Average Stage MAE (with 95% CI)
========================================================================================================================
Trained|Tested |         exp1 |         exp2 |         exp3 |         exp4 |         exp5 |         exp6 |         exp7 |         exp8 |         exp9 |     Row Mean |
----------------------------------------------------------------------------------------------------------------------------------------------------------------------
        exp1(U)|         0.59 |         1.03 |         0.69 |         1.20 |         3.06 |         0.67 |         1.13 |         3.83 |         0.86 |         1.45 |
        exp2(U)|         0.70 |         0.85 |         0.86 |         1.08 |         2.72 |         0.94 |         1.12 |         3.52 |         1.54 |         1.48 |
        exp3(U)|         0.85 |         1.38 |         0.61 |         1.15 |         3.10 |         0.86 |         1.43 |         3.69 |         1.01 |         1.57 |
        exp4(U)|         0.87 |         1.06 |         0.67 |         0.88 |         2.33 |         1.03 |         1.33 |         3.15 |         1.45 |         1.42 |
        exp5(U)|         1.34 |         1.70 |         1.31 |         1.87 |         0.60 |         0.86 |         1.11 |         1.29 |         1.36 |         1.27 |
        exp6(U)|         1.00 |         1.30 |         1.17 |         1.50 |         1.53 |         0.54 |         0.92 |         2.44 |         1.16 |         1.29 |
        exp7(U)|         1.13 |         1.26 |         1.32 |         1.52 |         1.18 |         0.58 |         0.76 |         2.01 |         1.26 |         1.23 |
        exp8(U)|         0.97 |         1.71 |         1.02 |         1.82 |         0.70 |         0.89 |         1.37 |         0.71 |         0.90 |         1.12 |
        exp9(U)|         0.68 |         1.00 |         0.73 |         1.16 |         3.47 |         0.61 |         1.03 |         4.21 |         0.68 |         1.51 |
----------------------------------------------------------------------------------------------------------------------------------------------------------------------
      Col Mean |         0.91 |         1.26 |         0.93 |         1.35 |         2.08 |         0.77 |         1.14 |         2.76 |         1.14 |         1.37 |

========================================================================================================================
Stage MAE 95% Confidence Intervals
========================================================================================================================
Trained|Tested |           exp1           |           exp2           |           exp3           |           exp4           |           exp5           |           exp6           |           exp7           |           exp8           |           exp9           |
-------------------------------------------------------------------------------------------------------------------------------------------------------------------------------------------------------------------------------------------------------------------
        exp1(U)|    0.59 [0.56, 0.62]     |    1.03 [0.98, 1.09]     |    0.69 [0.65, 0.73]     |    1.20 [1.13, 1.27]     |    3.06 [2.83, 3.29]     |    0.67 [0.64, 0.71]     |    1.13 [1.07, 1.19]     |    3.83 [3.51, 4.15]     |    0.86 [0.82, 0.91]     |
        exp2(U)|    0.70 [0.66, 0.74]     |    0.85 [0.81, 0.90]     |    0.86 [0.81, 0.90]     |    1.08 [1.02, 1.13]     |    2.72 [2.52, 2.91]     |    0.94 [0.89, 0.99]     |    1.12 [1.06, 1.18]     |    3.52 [3.24, 3.81]     |    1.54 [1.40, 1.68]     |
        exp3(U)|    0.85 [0.82, 0.89]     |    1.38 [1.31, 1.45]     |    0.61 [0.59, 0.64]     |    1.15 [1.07, 1.22]     |    3.10 [2.88, 3.33]     |    0.86 [0.83, 0.90]     |    1.43 [1.37, 1.50]     |    3.69 [3.37, 4.01]     |    1.01 [0.97, 1.06]     |
        exp4(U)|    0.87 [0.84, 0.90]     |    1.06 [1.02, 1.10]     |    0.67 [0.64, 0.70]     |    0.88 [0.83, 0.92]     |    2.33 [2.19, 2.47]     |    1.03 [0.99, 1.06]     |    1.33 [1.26, 1.40]     |    3.15 [2.91, 3.40]     |    1.45 [1.35, 1.55]     |
        exp5(U)|    1.34 [1.26, 1.42]     |    1.70 [1.61, 1.79]     |    1.31 [1.26, 1.37]     |    1.87 [1.81, 1.93]     |    0.60 [0.57, 0.63]     |    0.86 [0.81, 0.91]     |    1.11 [1.05, 1.18]     |    1.29 [1.20, 1.39]     |    1.36 [1.29, 1.44]     |
        exp6(U)|    1.00 [0.94, 1.07]     |    1.30 [1.23, 1.37]     |    1.17 [1.13, 1.21]     |    1.50 [1.43, 1.56]     |    1.53 [1.37, 1.69]     |    0.54 [0.51, 0.56]     |    0.92 [0.86, 0.98]     |    2.44 [2.19, 2.69]     |    1.16 [1.08, 1.24]     |
        exp7(U)|    1.13 [1.05, 1.22]     |    1.26 [1.20, 1.33]     |    1.32 [1.28, 1.36]     |    1.52 [1.46, 1.57]     |    1.18 [1.13, 1.24]     |    0.58 [0.55, 0.61]     |    0.76 [0.71, 0.80]     |    2.01 [1.88, 2.15]     |    1.26 [1.17, 1.36]     |
        exp8(U)|    0.97 [0.94, 1.01]     |    1.71 [1.60, 1.81]     |    1.02 [0.98, 1.06]     |    1.82 [1.73, 1.92]     |    0.70 [0.67, 0.74]     |    0.89 [0.84, 0.93]     |    1.37 [1.29, 1.45]     |    0.71 [0.66, 0.76]     |    0.90 [0.86, 0.95]     |
        exp9(U)|    0.68 [0.64, 0.71]     |    1.00 [0.95, 1.05]     |    0.73 [0.70, 0.76]     |    1.16 [1.10, 1.22]     |    3.47 [3.11, 3.82]     |    0.61 [0.58, 0.64]     |    1.03 [0.97, 1.09]     |    4.21 [3.78, 4.64]     |    0.68 [0.64, 0.71]     |

========================================================================================================================
Notes:
  (S) = SimpleTransformer, (C) = ConnectedTransformer, (U) = UnifiedTransformer
  Kendall Tau Distance = (1 - τ) / 2, where τ is Kendall's tau correlation
  Lower tau distance indicates better ranking performance (0 = perfect, 1 = worst)
  Sequence MAE = Mean absolute error between predicted event times and ground truth event times
    - Predicted scores are scaled to match the ground truth event time range [min, max]
    - For exp1-4: ground truth = discrete ranks (1, 2, 3, ...)
    - For exp5-9: ground truth = continuous event times from true_order_continuous
    - Values are in original time units (not normalized)
  Stage MAE = Mean absolute error of predicted patient stages vs ground truth stages
  95% CI computed using 1.96 * standard error
  Row Mean = average across all test experiments for a given model
  Col Mean = average across all models for a given test experiment

CSV Files Generated:
  - results/12bio/cross_experiment_results_summary.csv (detailed results with mean ± values)
  - tau_pivot.csv, tau_pm_pivot.csv
  - seq_mae_pivot.csv, seq_mae_pm_pivot.csv
  - stage_mae_pivot.csv, stage_mae_pm_pivot.csv
========================================================================================================================