========================================================================================================================
SUMMARY: Average Kendall Tau Distance (1-τ)/2 (with 95% CI)
Note: Lower values indicate better performance
========================================================================================================================
Trained|Tested |         exp1 |         exp2 |         exp3 |         exp4 |         exp5 |         exp6 |         exp7 |         exp8 |         exp9 |     Row Mean |
----------------------------------------------------------------------------------------------------------------------------------------------------------------------
        exp1(U)|        0.078 |        0.255 |        0.077 |        0.268 |        0.283 |        0.128 |        0.254 |        0.316 |        0.179 |        0.204 |
        exp2(U)|        0.094 |        0.108 |        0.100 |        0.118 |        0.385 |        0.140 |        0.151 |        0.399 |        0.187 |        0.187 |
        exp3(U)|        0.079 |        0.257 |        0.069 |        0.270 |        0.270 |        0.124 |        0.267 |        0.313 |        0.150 |        0.200 |
        exp4(U)|        0.112 |        0.109 |        0.112 |        0.099 |        0.354 |        0.144 |        0.148 |        0.378 |        0.171 |        0.181 |
        exp5(U)|        0.129 |        0.243 |        0.128 |        0.264 |        0.114 |        0.159 |        0.256 |        0.126 |        0.182 |        0.178 |
        exp6(U)|        0.091 |        0.234 |        0.101 |        0.261 |        0.273 |        0.111 |        0.252 |        0.316 |        0.122 |        0.196 |
        exp7(U)|        0.132 |        0.126 |        0.155 |        0.142 |        0.349 |        0.127 |        0.132 |        0.374 |        0.134 |        0.186 |
        exp8(U)|        0.112 |        0.231 |        0.096 |        0.246 |        0.114 |        0.153 |        0.253 |        0.120 |        0.163 |        0.165 |
        exp9(U)|        0.081 |        0.231 |        0.072 |        0.256 |        0.380 |        0.106 |        0.263 |        0.396 |        0.111 |        0.211 |
----------------------------------------------------------------------------------------------------------------------------------------------------------------------
      Col Mean |        0.101 |        0.199 |        0.101 |        0.214 |        0.280 |        0.132 |        0.219 |        0.304 |        0.155 |        0.190 |

========================================================================================================================
Kendall Tau Distance (1-τ)/2 - 95% Confidence Intervals
========================================================================================================================
Trained|Tested |           exp1           |           exp2           |           exp3           |           exp4           |           exp5           |           exp6           |           exp7           |           exp8           |           exp9           |
-------------------------------------------------------------------------------------------------------------------------------------------------------------------------------------------------------------------------------------------------------------------
        exp1(U)|   0.078 [0.076, 0.081]   |   0.255 [0.247, 0.263]   |   0.077 [0.075, 0.080]   |   0.268 [0.260, 0.276]   |   0.283 [0.276, 0.290]   |   0.128 [0.124, 0.132]   |   0.254 [0.247, 0.260]   |   0.316 [0.309, 0.323]   |   0.179 [0.169, 0.189]   |
        exp2(U)|   0.094 [0.092, 0.097]   |   0.108 [0.105, 0.112]   |   0.100 [0.096, 0.104]   |   0.118 [0.114, 0.122]   |   0.385 [0.378, 0.392]   |   0.140 [0.136, 0.143]   |   0.151 [0.147, 0.155]   |   0.399 [0.391, 0.407]   |   0.187 [0.175, 0.199]   |
        exp3(U)|   0.079 [0.077, 0.082]   |   0.257 [0.250, 0.265]   |   0.069 [0.067, 0.071]   |   0.270 [0.261, 0.279]   |   0.270 [0.263, 0.276]   |   0.124 [0.119, 0.129]   |   0.267 [0.259, 0.275]   |   0.313 [0.305, 0.320]   |   0.150 [0.142, 0.157]   |
        exp4(U)|   0.112 [0.109, 0.116]   |   0.109 [0.106, 0.112]   |   0.112 [0.109, 0.116]   |   0.099 [0.097, 0.101]   |   0.354 [0.347, 0.361]   |   0.144 [0.139, 0.149]   |   0.148 [0.144, 0.152]   |   0.378 [0.370, 0.386]   |   0.171 [0.165, 0.178]   |
        exp5(U)|   0.129 [0.126, 0.133]   |   0.243 [0.238, 0.249]   |   0.128 [0.124, 0.132]   |   0.264 [0.258, 0.270]   |   0.114 [0.110, 0.118]   |   0.159 [0.155, 0.163]   |   0.256 [0.250, 0.262]   |   0.126 [0.121, 0.131]   |   0.182 [0.175, 0.188]   |
        exp6(U)|   0.091 [0.088, 0.094]   |   0.234 [0.227, 0.241]   |   0.101 [0.098, 0.104]   |   0.261 [0.254, 0.268]   |   0.273 [0.267, 0.280]   |   0.111 [0.108, 0.114]   |   0.252 [0.245, 0.258]   |   0.316 [0.307, 0.325]   |   0.122 [0.118, 0.127]   |
        exp7(U)|   0.132 [0.128, 0.136]   |   0.126 [0.122, 0.129]   |   0.155 [0.150, 0.160]   |   0.142 [0.138, 0.146]   |   0.349 [0.342, 0.355]   |   0.127 [0.124, 0.130]   |   0.132 [0.128, 0.136]   |   0.374 [0.366, 0.383]   |   0.134 [0.129, 0.139]   |
        exp8(U)|   0.112 [0.108, 0.115]   |   0.231 [0.225, 0.236]   |   0.096 [0.093, 0.100]   |   0.246 [0.240, 0.252]   |   0.114 [0.111, 0.117]   |   0.153 [0.149, 0.158]   |   0.253 [0.247, 0.259]   |   0.120 [0.115, 0.125]   |   0.163 [0.157, 0.170]   |
        exp9(U)|   0.081 [0.079, 0.084]   |   0.231 [0.223, 0.238]   |   0.072 [0.070, 0.074]   |   0.256 [0.249, 0.263]   |   0.380 [0.373, 0.388]   |   0.106 [0.103, 0.109]   |   0.263 [0.257, 0.269]   |   0.396 [0.389, 0.404]   |   0.111 [0.106, 0.116]   |

========================================================================================================================
SUMMARY: Average Sequence MAE (with 95% CI)
Note: MAE between predicted event times and ground truth event times (in original time units)
========================================================================================================================
Trained|Tested |         exp1 |         exp2 |         exp3 |         exp4 |         exp5 |         exp6 |         exp7 |         exp8 |         exp9 |     Row Mean |
----------------------------------------------------------------------------------------------------------------------------------------------------------------------
        exp1(U)|        6.249 |       17.236 |        5.731 |       17.485 |       21.177 |       13.439 |       19.621 |       20.415 |       12.122 |       14.830 |
        exp2(U)|        8.760 |        8.647 |        7.349 |        8.595 |       28.282 |       14.246 |       14.146 |       26.212 |       12.863 |       14.344 |
        exp3(U)|        7.335 |       17.479 |        5.108 |       17.693 |       18.809 |       13.095 |       19.114 |       18.626 |       12.095 |       14.373 |
        exp4(U)|        9.164 |        8.556 |        8.035 |        7.216 |       26.488 |       12.605 |       13.765 |       25.101 |       10.969 |       13.544 |
        exp5(U)|       12.347 |       17.659 |       10.989 |       18.295 |        9.431 |       12.275 |       18.013 |        9.584 |       12.093 |       13.410 |
        exp6(U)|       10.976 |       17.034 |       10.689 |       18.100 |       19.265 |       10.051 |       17.962 |       18.024 |       10.822 |       14.769 |
        exp7(U)|       10.469 |       10.430 |       11.158 |       10.525 |       25.303 |       11.102 |       11.063 |       23.985 |       10.835 |       13.874 |
        exp8(U)|       12.431 |       16.828 |       11.432 |       17.330 |        9.744 |       11.097 |       17.196 |        9.477 |       10.207 |       12.860 |
        exp9(U)|       11.301 |       17.572 |       13.430 |       18.998 |       25.308 |        9.220 |       18.180 |       23.236 |        8.651 |       16.211 |
----------------------------------------------------------------------------------------------------------------------------------------------------------------------
      Col Mean |        9.893 |       14.605 |        9.325 |       14.915 |       20.423 |       11.903 |       16.562 |       19.407 |       11.184 |       14.246 |

========================================================================================================================
Sequence MAE 95% Confidence Intervals
========================================================================================================================
Trained|Tested |           exp1           |           exp2           |           exp3           |           exp4           |           exp5           |           exp6           |           exp7           |           exp8           |           exp9           |
-------------------------------------------------------------------------------------------------------------------------------------------------------------------------------------------------------------------------------------------------------------------
        exp1(U)|   6.249 [6.028, 6.469]   | 17.236 [16.791, 17.681]  |   5.731 [5.562, 5.900]   | 17.485 [17.018, 17.952]  | 21.177 [20.746, 21.608]  | 13.439 [13.118, 13.761]  | 19.621 [19.202, 20.041]  | 20.415 [19.958, 20.871]  | 12.122 [11.773, 12.470]  |
        exp2(U)|   8.760 [8.530, 8.990]   |   8.647 [8.457, 8.837]   |   7.349 [7.065, 7.633]   |   8.595 [8.322, 8.867]   | 28.282 [27.734, 28.831]  | 14.246 [13.943, 14.548]  | 14.146 [13.856, 14.437]  | 26.212 [25.584, 26.839]  | 12.863 [12.420, 13.306]  |
        exp3(U)|   7.335 [7.118, 7.551]   | 17.479 [17.025, 17.933]  |   5.108 [4.964, 5.251]   | 17.693 [17.193, 18.192]  | 18.809 [18.344, 19.274]  | 13.095 [12.820, 13.370]  | 19.114 [18.681, 19.548]  | 18.626 [18.167, 19.085]  | 12.095 [11.633, 12.557]  |
        exp4(U)|   9.164 [8.907, 9.421]   |   8.556 [8.344, 8.768]   |   8.035 [7.830, 8.239]   |   7.216 [7.065, 7.367]   | 26.488 [25.958, 27.018]  | 12.605 [12.276, 12.935]  | 13.765 [13.377, 14.154]  | 25.101 [24.534, 25.667]  | 10.969 [10.599, 11.340]  |
        exp5(U)| 12.347 [12.039, 12.655]  | 17.659 [17.282, 18.035]  | 10.989 [10.684, 11.294]  | 18.295 [17.913, 18.676]  |   9.431 [9.167, 9.695]   | 12.275 [11.955, 12.594]  | 18.013 [17.613, 18.414]  |   9.584 [9.173, 9.995]   | 12.093 [11.695, 12.492]  |
        exp6(U)| 10.976 [10.625, 11.328]  | 17.034 [16.635, 17.434]  | 10.689 [10.350, 11.028]  | 18.100 [17.658, 18.542]  | 19.265 [18.829, 19.701]  |  10.051 [9.794, 10.309]  | 17.962 [17.520, 18.403]  | 18.024 [17.533, 18.514]  | 10.822 [10.377, 11.268]  |
        exp7(U)| 10.469 [10.192, 10.745]  | 10.430 [10.193, 10.667]  | 11.158 [10.812, 11.505]  | 10.525 [10.239, 10.811]  | 25.303 [24.836, 25.770]  | 11.102 [10.872, 11.331]  | 11.063 [10.789, 11.336]  | 23.985 [23.424, 24.546]  | 10.835 [10.432, 11.237]  |
        exp8(U)| 12.431 [12.090, 12.773]  | 16.828 [16.461, 17.195]  | 11.432 [11.101, 11.763]  | 17.330 [16.946, 17.715]  |  9.744 [9.481, 10.008]   | 11.097 [10.786, 11.408]  | 17.196 [16.831, 17.561]  |   9.477 [9.047, 9.907]   |  10.207 [9.830, 10.584]  |
        exp9(U)| 11.301 [10.909, 11.694]  | 17.572 [17.032, 18.112]  | 13.430 [12.914, 13.946]  | 18.998 [18.537, 19.458]  | 25.308 [24.767, 25.849]  |   9.220 [8.929, 9.512]   | 18.180 [17.796, 18.563]  | 23.236 [22.662, 23.810]  |   8.651 [8.243, 9.058]   |

========================================================================================================================
SUMMARY: Average Stage MAE (with 95% CI)
========================================================================================================================
Trained|Tested |         exp1 |         exp2 |         exp3 |         exp4 |         exp5 |         exp6 |         exp7 |         exp8 |         exp9 |     Row Mean |
----------------------------------------------------------------------------------------------------------------------------------------------------------------------
        exp1(U)|        2.658 |        4.492 |        3.276 |        6.387 |       20.575 |        4.760 |        8.627 |       27.136 |        6.527 |        9.382 |
        exp2(U)|        3.390 |        4.140 |        3.687 |        5.025 |       28.124 |        4.625 |        7.485 |       32.529 |        5.791 |       10.533 |
        exp3(U)|        3.828 |        5.332 |        2.731 |        5.024 |       32.733 |        3.589 |        7.647 |       25.024 |        4.439 |       10.039 |
        exp4(U)|        5.004 |        5.537 |        3.845 |        4.394 |       31.276 |        4.578 |        6.108 |       34.931 |        4.217 |       11.099 |
        exp5(U)|       10.527 |       18.878 |        9.764 |       19.079 |        2.842 |        3.655 |        7.278 |        5.798 |        5.681 |        9.278 |
        exp6(U)|       11.395 |       12.356 |       10.942 |       13.211 |       13.682 |        3.044 |        5.041 |       18.115 |        5.960 |       10.416 |
        exp7(U)|        9.311 |       10.054 |        9.237 |       10.185 |       22.635 |        2.778 |        3.562 |       24.304 |        4.500 |       10.730 |
        exp8(U)|        8.500 |       21.517 |        7.670 |       21.216 |        3.932 |        4.953 |       10.316 |        3.570 |        4.419 |        9.566 |
        exp9(U)|        5.087 |        7.869 |        4.437 |        7.296 |       46.836 |        2.856 |        4.480 |       47.531 |        2.978 |       14.374 |
----------------------------------------------------------------------------------------------------------------------------------------------------------------------
      Col Mean |        6.633 |       10.019 |        6.177 |       10.202 |       22.515 |        3.871 |        6.727 |       24.326 |        4.946 |       10.602 |

========================================================================================================================
Stage MAE 95% Confidence Intervals
========================================================================================================================
Trained|Tested |           exp1           |           exp2           |           exp3           |           exp4           |           exp5           |           exp6           |           exp7           |           exp8           |           exp9           |
-------------------------------------------------------------------------------------------------------------------------------------------------------------------------------------------------------------------------------------------------------------------
        exp1(U)|   2.658 [2.569, 2.746]   |   4.492 [4.322, 4.662]   |   3.276 [3.164, 3.388]   |   6.387 [6.193, 6.581]   | 20.575 [18.402, 22.749]  |   4.760 [4.610, 4.910]   |   8.627 [8.331, 8.924]   | 27.136 [25.410, 28.861]  |   6.527 [6.218, 6.837]   |
        exp2(U)|   3.390 [3.236, 3.545]   |   4.140 [4.007, 4.273]   |   3.687 [3.558, 3.815]   |   5.025 [4.856, 5.193]   | 28.124 [27.365, 28.882]  |   4.625 [4.349, 4.901]   |   7.485 [7.147, 7.824]   | 32.529 [31.690, 33.368]  |   5.791 [5.488, 6.095]   |
        exp3(U)|   3.828 [3.675, 3.981]   |   5.332 [5.063, 5.602]   |   2.731 [2.658, 2.804]   |   5.024 [4.809, 5.239]   | 32.733 [28.268, 37.197]  |   3.589 [3.456, 3.722]   |   7.647 [7.311, 7.983]   | 25.024 [20.905, 29.142]  |   4.439 [4.278, 4.601]   |
        exp4(U)|   5.004 [4.692, 5.315]   |   5.537 [5.268, 5.806]   |   3.845 [3.666, 4.025]   |   4.394 [4.227, 4.562]   | 31.276 [30.484, 32.069]  |   4.578 [4.380, 4.776]   |   6.108 [5.801, 6.416]   | 34.931 [33.820, 36.041]  |   4.217 [4.023, 4.411]   |
        exp5(U)| 10.527 [10.179, 10.874]  | 18.878 [18.398, 19.357]  |  9.764 [9.458, 10.069]   | 19.079 [18.678, 19.480]  |   2.842 [2.705, 2.980]   |   3.655 [3.499, 3.811]   |   7.278 [6.881, 7.674]   |   5.798 [5.493, 6.104]   |   5.681 [5.440, 5.922]   |
        exp6(U)| 11.395 [11.020, 11.771]  | 12.356 [11.918, 12.793]  | 10.942 [10.694, 11.191]  | 13.211 [12.909, 13.514]  | 13.682 [13.049, 14.316]  |   3.044 [2.971, 3.116]   |   5.041 [4.858, 5.225]   | 18.115 [17.136, 19.095]  |   5.960 [5.641, 6.278]   |
        exp7(U)|   9.311 [8.888, 9.733]   |  10.054 [9.527, 10.582]  |   9.237 [8.890, 9.583]   |  10.185 [9.874, 10.496]  | 22.635 [21.257, 24.013]  |   2.778 [2.672, 2.885]   |   3.562 [3.425, 3.700]   | 24.304 [22.877, 25.731]  |   4.500 [4.286, 4.715]   |
        exp8(U)|   8.500 [8.003, 8.998]   | 21.517 [20.852, 22.182]  |   7.670 [7.314, 8.027]   | 21.216 [20.655, 21.778]  |   3.932 [3.672, 4.191]   |   4.953 [4.715, 5.190]   |  10.316 [9.937, 10.695]  |   3.570 [3.457, 3.683]   |   4.419 [4.283, 4.555]   |
        exp9(U)|   5.087 [4.571, 5.602]   |   7.869 [7.330, 8.408]   |   4.437 [4.271, 4.603]   |   7.296 [7.032, 7.560]   | 46.836 [44.835, 48.838]  |   2.856 [2.767, 2.945]   |   4.480 [4.280, 4.679]   | 47.531 [45.214, 49.849]  |   2.978 [2.901, 3.054]   |

========================================================================================================================
Notes:
  (U) = UnifiedTransformer
  Kendall Tau Distance = (1 - τ) / 2, where τ is Kendall's tau correlation
  Lower tau distance indicates better ranking performance (0 = perfect, 1 = worst)
  Sequence MAE = Mean absolute error between predicted event times and ground truth event times
    - Predicted scores are scaled to match the ground truth event time range [min, max]
    - For exp1-4: ground truth = discrete ranks (1, 2, 3, ...)
    - For exp5-9: ground truth = continuous event times from true_order_continuous
    - Values are in original time units (not normalized)
  Stage MAE = Mean absolute error of predicted patient stages vs ground truth stages
  95% CI computed using 1.96 * standard error
  Row Mean = average across all test experiments for a given model
  Col Mean = average across all models for a given test experiment

CSV Files Generated:
  - results/100bio/cross_experiment_results_summary.csv (detailed results with mean ± values)
  - tau_pivot.csv, tau_pm_pivot.csv
  - seq_mae_pivot.csv, seq_mae_pm_pivot.csv
  - stage_mae_pivot.csv, stage_mae_pm_pivot.csv
========================================================================================================================